1 0.246212 0.411654 0.054924 0.045113
2 0.111742 0.384398 0.051136 0.054511
0 0.292614 0.368421 0.018939 0.045113
2 0.361269 0.382519 0.055871 0.069549
1 0.353220 0.390038 0.037879 0.035714
3 0.432765 0.385338 0.071970 0.105263
1 0.486742 0.408835 0.035985 0.062030
1 0.512311 0.430451 0.047348 0.093985
1 0.553504 0.430451 0.027462 0.082707
2 0.620739 0.423872 0.076705 0.122180
5 0.549242 0.360902 0.068182 0.116541
5 0.769413 0.383459 0.160038 0.263158
1 0.847064 0.463346 0.048295 0.148496
5 0.656250 0.360902 0.054924 0.097744
