1 0.050669 0.282732 0.080306 0.113852
2 0.065966 0.254269 0.130019 0.121442
3 0.224665 0.250474 0.156788 0.216319
1 0.342734 0.326376 0.048757 0.136622
1 0.388145 0.344402 0.066922 0.157495
1 0.474665 0.343454 0.046845 0.144213
5 0.463193 0.230550 0.108031 0.233397
1 0.521989 0.315939 0.040153 0.142315
2 0.593212 0.329222 0.127151 0.237192
2 0.626195 0.264706 0.070746 0.157495
5 0.655832 0.215370 0.066922 0.199241
2 0.708413 0.235294 0.034417 0.121442
5 0.826482 0.231499 0.222753 0.421252
1 0.941683 0.385199 0.068834 0.185958
