0 0.016190 0.904896 0.028571 0.084746
2 0.141429 0.922787 0.098095 0.094162
1 0.131429 0.940678 0.059048 0.058380
3 0.261429 0.919021 0.120952 0.143126
1 0.344286 0.957627 0.044762 0.073446
1 0.389524 0.957627 0.045714 0.077213
1 0.449524 0.955744 0.045714 0.080979
1 0.475238 0.952919 0.030476 0.090395
5 0.432381 0.899247 0.083810 0.163842
2 0.535238 0.944444 0.083810 0.103578
2 0.553333 0.930320 0.055238 0.105461
5 0.573810 0.893597 0.048571 0.145009
5 0.697143 0.877589 0.152381 0.244821
2 0.613810 0.921846 0.021905 0.062147
